numerror(1)=4502 135 645 -1
numerror(2)=4718 142 626 -1
numerror(3)=4772 144 604 -1
numerror(4)=5151 156 583 -1
numerror(5)=5276 160 572 -1
(p, q)=1000, 16333
numerror(1)=5358 164 469 -1
numerror(2)=5388 165 463 -1
numerror(3)=5516 169 456 -1
numerror(4)=5676 174 448 -1
numerror(5)=5738 176 440 -1
(p, q)=1000, 4134
numerror(1)=6781 209 319 -1
numerror(2)=6883 212 321 -1
numerror(3)=7049 217 316 -1
numerror(4)=7016 216 316 -1
numerror(5)=7251 223 313 -1
num(1,2)=15
minnumerror02(1,2)=135  645  780
135  645
0  597
117  0
0  48
18  0
780
runtime(1,2)=112.101

 n_tr3=

1  413  413  1
414  1010  597  2
1011  1127  117  3
1128  16863  15736  4
16864  17315  452  5
17316  17363  48  6
17364  17381  18  7
17382  60000  42619  8

numerror11(1 1)=2847 91 107 -1
numerror11(1 2)=3010.7 96 120 -1
numerror11(1 4)=3113.07 99 136 -1
numerror11(1 5)=3334.48 106 136 -1
numerror11(9 1)=3561.07 113 145 -1
numerror11(9 2)=3659.47 116 151 -1
numerror11(9 4)=3822.85 121 159 -1
numerror11(9 5)=3760.89 119 163 -1
(n, minnumerror3)=(10, 2847, 91, 107)
num(1,2,1)=10

numerror11(1 1)=1233.96 26 891 -1
numerror11(1 2)=1275.76 27 914 -1
numerror11(1 4)=1472.74 32 1005 -1
numerror11(1 5)=1519.12 33 1037 -1
(p, q)=117, 5076
numerror11(2 1)=1667.04 46 544 -1
numerror11(2 2)=1680.02 46 570 -1
numerror11(2 4)=1679.52 46 569 -1
numerror11(2 5)=1693.99 46 598 -1
(n, minnumerror3)=(10, 1233.96, 26, 891)
num(1,2,2)=10

numerror11(1 1)=971.307 32 7 -1
numerror11(1 2)=1032.32 34 7 -1
numerror11(1 4)=1154.03 38 6 -1
numerror11(1 5)=1184.63 39 6 -1
numerror11(8 1)=1154.03 38 6 -1
numerror11(8 2)=1184.63 39 6 -1
numerror11(8 4)=1092.89 36 6 -1
numerror11(8 6)=1215.73 40 7 -1
numerror11(8 8)=1307.66 43 7 -1
numerror11(8 9)=1217.23 40 10 -1
(n, minnumerror3)=(14, 971.307, 32, 7)
num(1,2,3)=14

numerror11(1 1)=525.347 7 620 -1
numerror11(1 2)=456.106 8 425 -1
numerror11(1 4)=475.958 7 523 -1
numerror11(1 6)=413.524 9 282 -1
numerror11(1 8)=428.748 9 312 -1
numerror11(1 10)=468.958 10 332 -1
numerror11(1 10)=468.958 10 332 -1
(p, q)=18, 26471
numerror11(2 1)=409.627 10 215 -1
numerror11(2 2)=414.696 10 225 -1
numerror11(2 4)=396.957 10 190 -1
numerror11(2 6)=418.751 10 233 -1
numerror11(2 8)=415.203 10 226 -1
numerror11(2 8)=415.203 10 226 -1
(p, q)=18, 9337
numerror11(3 1)=417.55 13 52 -1
numerror11(3 2)=436.252 13 89 -1
numerror11(3 4)=420.755 12 118 -1
numerror11(3 6)=425.309 12 127 -1
numerror11(3 8)=367.573 10 132 -1
numerror11(3 10)=400.736 11 138 -1
numerror11(3 12)=402.761 11 142 -1
numerror11(3 12)=402.761 11 142 -1
(p, q)=18, 4130
numerror11(4 1)=407.443 13 32 -1
numerror11(4 2)=405.927 13 29 -1
numerror11(4 4)=357.719 11 53 -1
numerror11(4 6)=371.38 11 80 -1
numerror11(4 8)=404.568 12 86 -1
numerror11(4 9)=406.085 12 89 -1
(p, q)=18, 1233
numerror11(15 1)=401.38 13 20 -1
numerror11(15 2)=399.359 13 16 -1
numerror11(15 4)=342.038 11 22 -1
numerror11(15 6)=318.464 10 35 -1
numerror11(15 8)=350.637 11 39 -1
numerror11(15 10)=411.486 13 40 -1
numerror11(15 10)=411.486 13 40 -1
(n, minnumerror3)=(49, 318.464, 10, 35)
num(1,2,4)=49

minnumerror3_1(1,2,3,4)=198 917 39 45, sum=1199
minnumerror2(1,2)=minnumerror2(1)=372
minnumerror4(1, 2, 3, 4)=198 117 39 18, sum=372
258  114
91  107
117  0
32  7
18  0
372
minnumerror2(1,2)=minnumerror2(1)=372
minnumerror4(1, 2, 3, 4)=198 117 39 18, sum=372
runtime(1,2)=953.568

 w12*w5=-1.01644e-020

 n_tr5=
1  269  269  1
270  687  418  2
688  745  58  3
746  7491  6746  4
7492  7837  346  5
7838  7876  39  6
7877  7887  11  7
7888  33661  25774  8
33662  33805  144  9
33806  33984  179  10
33985  34043  59  11
34044  43033  8990  12
43034  43139  106  13
43140  43148  9  14
43149  43155  7  15
43156  60000  16845  16

numerror11(1 1)=1610.54 52 60 -1
numerror11(1 2)=1674.64 54 65 -1
numerror11(1 4)=1866.8 60 79 -1
numerror11(1 5)=1898.22 61 80 -1
numerror11(9 1)=1960.13 63 80 -1
numerror11(9 2)=1899.7 61 83 -1
numerror11(9 4)=1841.32 59 90 -1
numerror11(9 6)=1965.55 63 91 -1
numerror11(9 8)=1968.01 63 96 -1
numerror11(9 8)=1968.01 63 96 -1
(n, minnumerror3)=(13, 1610.54, 52, 60)
num(1,2,1)=13

numerror11(1 1)=535.203 12 344 -1
numerror11(1 2)=653.902 15 400 -1
numerror11(1 4)=778.736 18 468 -1
numerror11(1 5)=821.539 19 493 -1
(p, q)=58, 2273
numerror11(2 1)=950.327 28 208 -1
numerror11(2 2)=925.99 27 220 -1
numerror11(2 4)=872.35 25 234 -1
numerror11(2 6)=900.669 26 230 -1
numerror11(2 8)=904.691 26 238 -1
numerror11(2 8)=904.691 26 238 -1
(n, minnumerror3)=(13, 535.203, 12, 344)
num(1,2,2)=13

numerror11(1 1)=484.458 16 5 -1
numerror11(1 2)=544.972 18 5 -1
numerror11(1 4)=696.024 23 4 -1
numerror11(1 5)=544.972 18 5 -1
numerror11(8 1)=544.468 18 4 -1
numerror11(8 2)=514.203 17 4 -1
numerror11(8 4)=483.953 16 4 -1
numerror11(8 6)=453.719 15 4 -1
numerror11(8 8)=483.449 16 3 -1
numerror11(8 10)=483.449 16 3 -1
numerror11(8 11)=483.449 16 3 -1
(n, minnumerror3)=(16, 453.214, 15, 3)
num(1,2,3)=16

numerror11(1 1)=167.84 4 94 -1
numerror11(1 2)=188.158 4 134 -1
numerror11(1 4)=202.385 4 162 -1
numerror11(1 6)=167.435 5 34 -1
numerror11(1 8)=168.957 5 37 -1
numerror11(1 9)=168.957 5 37 -1
(p, q)=11, 10596
numerror11(2 1)=183.313 6 6 -1
numerror11(2 2)=183.82 6 7 -1
numerror11(2 4)=153.738 5 7 -1
numerror11(2 6)=155.26 5 10 -1
numerror11(2 8)=157.289 5 14 -1
numerror11(2 8)=157.289 5 14 -1
(p, q)=11, 2336
numerror11(3 1)=58108.3 6 0 -1
numerror11(3 2)=58108.3 6 0 -1
numerror11(3 4)=58107.4 5 0 -1
numerror11(3 6)=58107.4 5 0 -1
numerror11(3 8)=58107.4 5 0 -1
numerror11(3 10)=180.778 6 1 -1
numerror11(3 12)=128.24 4 16 -1
numerror11(3 14)=128.748 4 17 -1
numerror11(3 15)=134.838 4 29 -1
(p, q)=11, 750
numerror11(14 1)=181.792 6 3 -1
numerror11(14 2)=185.34 6 10 -1
numerror11(14 4)=130.27 4 20 -1
numerror11(14 6)=131.285 4 22 -1
numerror11(14 7)=131.285 4 22 -1
(n, minnumerror3)=(39, 121.135, 4, 2)
num(1,2,4)=39

numerror11(1 1)=393.296 13 4 -1
numerror11(1 2)=454.728 15 6 -1
numerror11(1 4)=457.252 15 11 -1
numerror11(1 5)=457.252 15 11 -1
numerror11(8 1)=457.252 15 11 -1
numerror11(8 2)=457.756 15 12 -1
numerror11(8 4)=428.044 14 13 -1
numerror11(8 6)=489.502 16 15 -1
numerror11(8 8)=489.502 16 15 -1
numerror11(8 9)=429.054 14 15 -1
(n, minnumerror3)=(14, 393.296, 13, 4)
num(1,2,5)=14

numerror11(1 1)=499.539 11 333 -1
numerror11(1 2)=515.769 11 365 -1
numerror11(1 4)=612.134 14 377 -1
numerror11(1 5)=581.012 13 375 -1
(p, q)=59, 3219
numerror11(2 1)=591.489 16 217 -1
numerror11(2 2)=596.037 16 226 -1
numerror11(2 4)=606.145 16 246 -1
numerror11(2 6)=560.491 14 275 -1
numerror11(2 8)=566.564 14 287 -1
numerror11(2 9)=627.883 16 289 -1
(n, minnumerror3)=(14, 499.539, 11, 333)
num(1,2,6)=14

numerror11(1 1)=0 0 0 -1
numerror11(1 1)=0 0 0 -1
(n, minnumerror3)=(1, 0, 0, 0)
num(1,2,7)=1

numerror11(1 1)=346.7 2 563 -1
numerror11(1 2)=441.712 2 749 -1
numerror11(1 4)=412.579 2 692 -1
numerror11(1 5)=399.806 2 667 -1
(p, q)=7, 7426
numerror11(2 1)=212.105 2 299 -1
numerror11(2 2)=218.216 2 311 -1
numerror11(2 4)=220.763 2 316 -1
numerror11(2 5)=322.206 2 515 -1
(p, q)=7, 3722
numerror11(3 1)=194.748 3 206 -1
numerror11(3 2)=207.973 3 232 -1
numerror11(3 4)=232.905 3 281 -1
numerror11(3 5)=259.375 3 333 -1
(p, q)=7, 1758
numerror11(4 1)=160.681 3 139 -1
numerror11(4 2)=175.932 3 169 -1
numerror11(4 4)=231.887 3 279 -1
numerror11(4 5)=273.633 3 361 -1
(p, q)=7, 846
numerror11(14 1)=181.525 3 180 -1
numerror11(14 2)=295.424 5 286 -1
numerror11(14 4)=182.658 5 64 -1
numerror11(14 6)=141.877 3 102 -1
numerror11(14 7)=140.86 3 100 -1
(n, minnumerror3)=(27, 136.287, 3, 91)
num(1,2,8)=27

minnumerror5=112  356  18  6  17  344  0  94, sum=947
minnumerror6=112  58  18  6  17  59  0  7, sum=277
minnumerror6=112  58  18  6  17  59  0  7, sum=277
208  69
52  60
58  0
15  3
4  2
13  4
59  0
0  0
7  0
277
runtime(1,2)=1333.44

 n_tr7=
1  154  154  1
155  415  261  2
416  441  26  3
442  1681  1240  4
1682  1923  242  5
1924  1953  30  6
1954  1958  5  7
1959  3915  1957  8
3916  4030  115  9
4031  4187  157  10
4188  4219  32  11
4220  9725  5506  12
9726  9829  104  13
9830  9838  9  14
9839  9844  6  15
9845  33661  23817  16
33662  33732  71  17
33733  33831  99  18
33832  33859  28  19
33860  38479  4620  20
38480  38532  53  21
38533  38536  4  22
38537  38539  3  23
38540  46586  8047  24
46587  46659  73  25
46660  46739  80  26
46740  46770  31  27
46771  51140  4370  28
51141  51193  53  29
51194  51198  5  30
51199  51202  4  31
51203  60000  8798  32

numerror11(1 1)=621.154 20 36 -1
numerror11(1 2)=653.47 21 40 -1
numerror11(1 4)=747.485 24 46 -1
numerror11(1 5)=776.34 25 43 -1
numerror11(8 1)=837.114 27 43 -1
numerror11(8 2)=866.521 28 41 -1
numerror11(8 4)=926.888 30 40 -1
numerror11(8 5)=958.347 31 42 -1
(n, minnumerror3)=(10, 621.154, 20, 36)
num(1,2,1)=10

numerror11(1 1)=284.558 8 87 -1
numerror11(1 2)=281.517 8 81 -1
numerror11(1 4)=308.079 9 74 -1
numerror11(1 6)=291.147 8 100 -1
numerror11(1 7)=293.175 8 104 -1
numerror11(10 1)=269.681 7 117 -1
numerror11(10 2)=270.188 7 118 -1
numerror11(10 4)=214.637 5 127 -1
numerror11(10 6)=214.637 5 127 -1
numerror11(10 8)=216.161 5 130 -1
numerror11(10 10)=219.207 5 136 -1
numerror11(10 11)=297.23 8 112 -1
(n, minnumerror3)=(18, 214.637, 5, 127)
num(1,2,2)=18

numerror11(1 1)=181.285 6 2 -1
numerror11(1 2)=211.382 7 2 -1
numerror11(1 4)=242.001 8 3 -1
numerror11(1 5)=242.001 8 3 -1
numerror11(8 1)=211.889 7 3 -1
numerror11(8 2)=211.889 7 3 -1
numerror11(8 4)=181.792 6 3 -1
numerror11(8 6)=181.792 6 3 -1
numerror11(8 7)=181.285 6 2 -1
(n, minnumerror3)=(12, 91.5908, 3, 3)
num(1,2,3)=12

numerror11(1 1)=31.5322 1 3 -1
numerror11(1 2)=32.5487 1 5 -1
numerror11(1 4)=33.0569 1 6 -1
numerror11(1 5)=34.5817 1 9 -1
(p, q)=5, 704
numerror11(10 1)=34.5817 1 9 -1
numerror11(10 2)=63.5859 2 7 -1
numerror11(10 4)=35.0899 1 10 -1
numerror11(10 6)=34.5817 1 9 -1
numerror11(10 8)=34.5817 1 9 -1
numerror11(10 10)=35.0899 1 10 -1
numerror11(10 12)=39.1562 1 18 -1
numerror11(10 12)=39.1562 1 18 -1
(n, minnumerror3)=(17, 31.5322, 1, 3)
num(1,2,4)=17

numerror11(1 1)=122.15 4 4 -1
numerror11(1 2)=152.217 5 4 -1
numerror11(1 4)=154.246 5 8 -1
numerror11(1 5)=184.327 6 8 -1
numerror11(8 1)=184.834 6 9 -1
numerror11(8 2)=155.26 5 10 -1
numerror11(8 4)=215.943 7 11 -1
numerror11(8 6)=246.053 8 11 -1
numerror11(8 6)=246.053 8 11 -1
(n, minnumerror3)=(11, 122.15, 4, 4)
num(1,2,5)=11

numerror11(1 1)=284.899 7 147 -1
numerror11(1 2)=272.217 7 122 -1
numerror11(1 4)=276.275 7 130 -1
numerror11(1 6)=285.406 7 148 -1
numerror11(1 6)=285.406 7 148 -1
(p, q)=32, 2199
numerror11(2 1)=306.56 9 71 -1
numerror11(2 2)=306.56 9 71 -1
numerror11(2 4)=319.223 9 96 -1
numerror11(2 6)=356.938 10 111 -1
numerror11(2 6)=356.938 10 111 -1
(n, minnumerror3)=(12, 272.217, 7, 122)
num(1,2,6)=12

numerror11(1 1)=0 0 0 -1
numerror11(1 1)=0 0 0 -1
(n, minnumerror3)=(1, 0, 0, 0)
num(1,2,7)=1

numerror11(1 1)=214.078 3 244 -1
numerror11(1 2)=268.54 3 351 -1
numerror11(1 4)=276.179 3 366 -1
numerror11(1 5)=320.504 3 453 -1
(p, q)=6, 9036
numerror11(2 1)=299.102 3 411 -1
numerror11(2 2)=336.816 3 485 -1
numerror11(2 4)=372.513 3 555 -1
numerror11(2 5)=389.86 3 589 -1
(n, minnumerror3)=(10, 214.078, 3, 244)
num(1,2,8)=10

numerror11(1 1)=0 0 0 -1
numerror11(1 1)=0 0 0 -1
(n, minnumerror3)=(1, 0, 0, 0)
num(1,2,9)=1

numerror11(1 1)=213.739 6 66 -1
numerror11(1 2)=214.753 6 68 -1
numerror11(1 4)=247.369 7 73 -1
numerror11(1 5)=219.318 6 77 -1
(p, q)=28, 1684
numerror11(2 1)=232.667 7 44 -1
numerror11(2 2)=234.188 7 47 -1
numerror11(2 4)=238.243 7 55 -1
numerror11(2 5)=240.271 7 59 -1
(n, minnumerror3)=(10, 213.739, 6, 66)
num(1,2,10)=10

numerror11(1 1)=58120.1 0 1080 -1
numerror11(1 2)=230.582 1 394 -1
numerror11(1 4)=221.404 1 376 -1
numerror11(1 6)=58108.2 0 347 -1
numerror11(1 8)=58108.1 0 339 -1
numerror11(1 8)=58108.1 0 339 -1
(p, q)=3, 4159
numerror11(2 1)=127.156 1 191 -1
numerror11(2 2)=58105.9 0 202 -1
numerror11(2 4)=58106 0 208 -1
numerror11(2 5)=58106.1 0 214 -1
(p, q)=3, 1784
numerror11(3 1)=92.5512 1 123 -1
numerror11(3 2)=105.271 1 148 -1
numerror11(3 4)=111.378 1 160 -1
numerror11(3 5)=116.467 1 170 -1
(p, q)=3, 773
numerror11(12 1)=90.5162 1 119 -1
numerror11(12 2)=101.709 1 141 -1
numerror11(12 4)=115.449 1 168 -1
numerror11(12 5)=119.012 1 175 -1
(n, minnumerror3)=(23, 90.5162, 1, 119)
num(1,2,12)=23

numerror11(1 1)=0 0 0 -1
numerror11(1 1)=0 0 0 -1
(n, minnumerror3)=(1, 0, 0, 0)
num(1,2,13)=1

numerror11(1 1)=150.516 3 119 -1
numerror11(1 2)=157.123 3 132 -1
numerror11(1 4)=159.664 3 137 -1
numerror11(1 5)=165.764 3 149 -1
(p, q)=31, 1722
numerror11(2 1)=155.653 4 70 -1
numerror11(2 2)=167.84 4 94 -1
numerror11(2 4)=173.935 4 106 -1
numerror11(2 5)=200.422 5 99 -1
(n, minnumerror3)=(10, 150.516, 3, 119)
num(1,2,14)=10

numerror11(1 1)=58103.4 0 47 -1
numerror11(1 2)=58104.5 0 117 -1
numerror11(1 4)=58104.4 0 111 -1
numerror11(1 5)=58104.4 0 107 -1
(p, q)=4, 3826
numerror11(2 1)=58103.6 0 63 -1
numerror11(2 2)=58103.9 0 79 -1
numerror11(2 4)=58104.2 0 99 -1
numerror11(2 5)=58104.3 0 102 -1
(n, minnumerror3)=(10, 58103.4, 0, 47)
num(1,2,16)=10


 number of error samples is
53  890

20  36

5  127

3  3

1  3

4  4

7  122

0  0

3  244

0  0

6  66

0  0

1  119

0  0

3  119

0  0

0  47

minnumerror7=56, 132, 6, 4, 8, 129, 0, 247, 0, 72, 0, 120, 0, 122, 0, 47, sum=943
minnumerror8=56, 26, 6, 4, 8, 32, 0, 6, 0, 28, 0, 3, 0, 31, 0, 4
sum(minnumerror8)=204

Number of error samples is
155  46

20  36
26  0
3  3
1  3
4  4
32  0
0  0
3  0
0  0
28  0
0  0
3  0
0  0
31  0
0  0
4  0


minnumerror2(1,2)=minnumerror2(1)=780
780  
runtime(1,2)=1603.53

minnumerror2= 780  
Total runtime=1603.53  
Trial-and-error epochs=381  
sum(n000)=381
